BatchFile test, number of cities :=14
ACS Algorithm - LSType Exponential Times = 5
Format:
avgGen avgdist DP AP IP NA AF GP Path1D Path1C Path2D Path2C Path3D Path3C ANTMEET
AntType = None
AntDir = Bidirectional
6.284 3345.196 0.1 0.1 2.2E-5 10 0 0.9 3323 67 3336 839 3371 36 128.751929261958
6.121 3345.815 0.1 0.1 2.2E-5 10 0.05 0.9 3323 47 3336 847 3371 46 128.459292247324
6.332 3343.956 0.1 0.1 2.2E-5 10 0.1 0.9 3323 58 3336 849 3371 46 128.646247493681
6.126 3345.644 0.1 0.1 2.2E-5 10 0.15 0.9 3323 57 3336 831 3371 53 128.63089449761
6.207 3347.54 0.1 0.1 2.2E-5 10 0.2 0.9 3323 54 3336 828 3371 49 128.083130730976
6.045 3343.773 0.1 0.1 2.2E-5 10 0.25 0.9 3323 71 3336 848 3371 28 128.693419273118
6.12 3344.753 0.1 0.1 2.2E-5 10 0.3 0.9 3323 62 3336 849 3371 37 128.284437807912
6.127 3347.125 0.1 0.1 2.2E-5 10 0.35 0.9 3323 72 3336 811 3371 51 128.200178980031
5.956 3345.916 0.1 0.1 2.2E-5 10 0.4 0.9 3323 58 3336 840 3371 39 128.332343093188
6.187 3346.447 0.1 0.1 2.2E-5 10 0.45 0.9 3323 64 3336 833 3371 40 128.115295019898
6.01 3345.089 0.1 0.1 2.2E-5 10 0.5 0.9 3323 57 3336 841 3371 47 128.188097973378
6.196 3345.889 0.1 0.1 2.2E-5 10 0.55 0.9 3323 66 3336 836 3371 35 128.20952037437
6.067 3345.645 0.1 0.1 2.2E-5 10 0.6 0.9 3323 63 3336 837 3371 40 128.548815690805
6.061 3344.756 0.1 0.1 2.2E-5 10 0.65 0.9 3323 44 3336 853 3371 51 128.700998640817
5.994 3345.028 0.1 0.1 2.2E-5 10 0.7 0.9 3323 63 3336 848 3371 35 128.799621805466
5.97 3345.185 0.1 0.1 2.2E-5 10 0.75 0.9 3323 78 3336 822 3371 42 128.350213897625
6.078 3345.065 0.1 0.1 2.2E-5 10 0.8 0.9 3323 60 3336 842 3371 43 128.166000982926
6.074 3345.682 0.1 0.1 2.2E-5 10 0.85 0.9 3323 64 3336 840 3371 31 128.446305053302
6.162 3345.372 0.1 0.1 2.2E-5 10 0.9 0.9 3323 51 3336 849 3371 45 128.359280833673
5.835 3344.976 0.1 0.1 2.2E-5 10 0.95 0.9 3323 59 3336 840 3371 48 128.125704092812

AntDir = Unidirectional
6.284 3345.196 0.1 0.1 2.2E-5 10 0 0.9 3323 67 3336 839 3371 36 128.751929261958
6.121 3345.815 0.1 0.1 2.2E-5 10 0.05 0.9 3323 47 3336 847 3371 46 128.459292247324
6.332 3343.956 0.1 0.1 2.2E-5 10 0.1 0.9 3323 58 3336 849 3371 46 128.646247493681
6.126 3345.644 0.1 0.1 2.2E-5 10 0.15 0.9 3323 57 3336 831 3371 53 128.63089449761
6.207 3347.54 0.1 0.1 2.2E-5 10 0.2 0.9 3323 54 3336 828 3371 49 128.083130730976
6.045 3343.773 0.1 0.1 2.2E-5 10 0.25 0.9 3323 71 3336 848 3371 28 128.693419273118
6.12 3344.753 0.1 0.1 2.2E-5 10 0.3 0.9 3323 62 3336 849 3371 37 128.284437807912
6.127 3347.125 0.1 0.1 2.2E-5 10 0.35 0.9 3323 72 3336 811 3371 51 128.200178980031
5.956 3345.916 0.1 0.1 2.2E-5 10 0.4 0.9 3323 58 3336 840 3371 39 128.332343093188
6.187 3346.447 0.1 0.1 2.2E-5 10 0.45 0.9 3323 64 3336 833 3371 40 128.115295019898
6.01 3345.089 0.1 0.1 2.2E-5 10 0.5 0.9 3323 57 3336 841 3371 47 128.188097973378
6.196 3345.889 0.1 0.1 2.2E-5 10 0.55 0.9 3323 66 3336 836 3371 35 128.20952037437
6.067 3345.645 0.1 0.1 2.2E-5 10 0.6 0.9 3323 63 3336 837 3371 40 128.548815690805
6.061 3344.756 0.1 0.1 2.2E-5 10 0.65 0.9 3323 44 3336 853 3371 51 128.700998640817
5.994 3345.028 0.1 0.1 2.2E-5 10 0.7 0.9 3323 63 3336 848 3371 35 128.799621805466
5.97 3345.185 0.1 0.1 2.2E-5 10 0.75 0.9 3323 78 3336 822 3371 42 128.350213897625
6.078 3345.065 0.1 0.1 2.2E-5 10 0.8 0.9 3323 60 3336 842 3371 43 128.166000982926
6.074 3345.682 0.1 0.1 2.2E-5 10 0.85 0.9 3323 64 3336 840 3371 31 128.446305053302
6.162 3345.372 0.1 0.1 2.2E-5 10 0.9 0.9 3323 51 3336 849 3371 45 128.359280833673
5.835 3344.976 0.1 0.1 2.2E-5 10 0.95 0.9 3323 59 3336 840 3371 48 128.125704092812


AntType = Boolean
AntDir = Bidirectional
6.284 3345.196 0.1 0.1 2.2E-5 10 0 0.9 3323 67 3336 839 3371 36 128.751929261958
6.244 3345.403 0.1 0.1 2.2E-5 10 0.05 0.9 3323 55 3336 847 3371 44 128.57140233503
6.266 3348.394 0.1 0.1 2.2E-5 10 0.1 0.9 3323 65 3336 798 3371 68 128.400374158243
6.014 3346.682 0.1 0.1 2.2E-5 10 0.15 0.9 3323 66 3336 822 3371 48 128.855788536881
6.178 3346.725 0.1 0.1 2.2E-5 10 0.2 0.9 3323 66 3336 816 3371 56 128.199979907275
6.489 3343.867 0.1 0.1 2.2E-5 10 0.25 0.9 3323 75 3336 827 3371 51 128.758214253404
6.336 3343.574 0.1 0.1 2.2E-5 10 0.3 0.9 3323 74 3336 832 3371 49 128.413379723357
6.13 3345.53 0.1 0.1 2.2E-5 10 0.35 0.9 3323 67 3336 822 3371 60 128.417383878052
6.357 3344.013 0.1 0.1 2.2E-5 10 0.4 0.9 3323 69 3336 818 3371 68 128.595092175636
6.274 3349.581 0.1 0.1 2.2E-5 10 0.45 0.9 3323 60 3336 807 3371 54 128.171915672725
6.319 3344.734 0.1 0.1 2.2E-5 10 0.5 0.9 3323 80 3336 805 3371 63 128.701492682177
6.476 3346.659 0.1 0.1 2.2E-5 10 0.55 0.9 3323 74 3336 787 3371 80 128.572904728249
6.389 3346.112 0.1 0.1 2.2E-5 10 0.6 0.9 3323 76 3336 782 3371 89 129.081056938294
6.29 3345.291 0.1 0.1 2.2E-5 10 0.65 0.9 3323 73 3336 812 3371 66 129.529051496243
6.779 3345.903 0.1 0.1 2.2E-5 10 0.7 0.9 3323 99 3336 787 3371 63 130.24035885772
6.665 3344.651 0.1 0.1 2.2E-5 10 0.75 0.9 3323 122 3336 758 3371 69 130.465329897685
6.869 3343.803 0.1 0.1 2.2E-5 10 0.8 0.9 3323 135 3336 752 3371 65 131.059052642381
7.514 3340.842 0.1 0.1 2.2E-5 10 0.85 0.9 3323 165 3336 743 3371 57 132.142227848751
8.422 3338.919 0.1 0.1 2.2E-5 10 0.9 0.9 3323 189 3336 726 3371 64 133.414775270373
11.006 3335.178 0.1 0.1 2.2E-5 10 0.95 0.9 3323 294 3336 647 3371 49 136.844587592096

AntDir = Unidirectional
6.284 3345.196 0.1 0.1 2.2E-5 10 0 0.9 3323 67 3336 839 3371 36 128.751929261958
6.044 3345.463 0.1 0.1 2.2E-5 10 0.05 0.9 3323 65 3336 840 3371 34 128.625824355853
6.279 3347.582 0.1 0.1 2.2E-5 10 0.1 0.9 3323 68 3336 784 3371 91 128.42331035969
6.228 3347.672 0.1 0.1 2.2E-5 10 0.15 0.9 3323 69 3336 780 3371 86 128.579917038002
6.327 3343.781 0.1 0.1 2.2E-5 10 0.2 0.9 3323 78 3336 809 3371 69 128.090499057068
6.557 3346.871 0.1 0.1 2.2E-5 10 0.25 0.9 3323 78 3336 796 3371 60 128.771247705055
6.394 3346.89 0.1 0.1 2.2E-5 10 0.3 0.9 3323 97 3336 756 3371 86 128.676410880155
6.763 3345.943 0.1 0.1 2.2E-5 10 0.35 0.9 3323 84 3336 790 3371 68 128.640624374838
6.518 3346.356 0.1 0.1 2.2E-5 10 0.4 0.9 3323 98 3336 754 3371 87 128.907073982168
6.922 3345.371 0.1 0.1 2.2E-5 10 0.45 0.9 3323 105 3336 762 3371 83 128.68625065594
6.877 3344.33 0.1 0.1 2.2E-5 10 0.5 0.9 3323 110 3336 763 3371 77 129.461692771388
7.542 3347.386 0.1 0.1 2.2E-5 10 0.55 0.9 3323 87 3336 755 3371 96 129.451576147455
7.304 3345.621 0.1 0.1 2.2E-5 10 0.6 0.9 3323 98 3336 751 3371 96 130.505526437041
7.626 3344.022 0.1 0.1 2.2E-5 10 0.65 0.9 3323 150 3336 702 3371 105 132.299781315051
7.839 3343.462 0.1 0.1 2.2E-5 10 0.7 0.9 3323 120 3336 744 3371 94 132.422684041959
8.461 3341.747 0.1 0.1 2.2E-5 10 0.75 0.9 3323 156 3336 723 3371 88 134.093756821451
9.528 3339.915 0.1 0.1 2.2E-5 10 0.8 0.9 3323 220 3336 658 3371 95 137.309069965916
12.234 3337.224 0.1 0.1 2.2E-5 10 0.85 0.9 3323 305 3336 594 3371 85 141.045640203975
15.425 3333.296 0.1 0.1 2.2E-5 10 0.9 0.9 3323 414 3336 527 3371 52 147.459265855688
16.356 3329.445 0.1 0.1 2.2E-5 10 0.95 0.9 3323 544 3336 446 3371 8 154.805642254021


AntType = Sqrt
AntDir = Bidirectional
6.284 3345.196 0.1 0.1 2.2E-5 10 0 0.9 3323 67 3336 839 3371 36 128.751929261958
6.121 3345.234 0.1 0.1 2.2E-5 10 0.05 0.9 3323 60 3336 839 3371 48 128.52422238331
5.96 3347.501 0.1 0.1 2.2E-5 10 0.1 0.9 3323 51 3336 821 3371 61 128.486367700384
6.105 3349.169 0.1 0.1 2.2E-5 10 0.15 0.9 3323 49 3336 815 3371 65 128.537390611426
6.198 3347.073 0.1 0.1 2.2E-5 10 0.2 0.9 3323 63 3336 821 3371 54 128.208976381719
6.228 3346.277 0.1 0.1 2.2E-5 10 0.25 0.9 3323 83 3336 793 3371 63 128.695479474309
6.165 3346.486 0.1 0.1 2.2E-5 10 0.3 0.9 3323 58 3336 822 3371 60 128.32970417601
6.092 3346.473 0.1 0.1 2.2E-5 10 0.35 0.9 3323 62 3336 815 3371 65 128.327780876803
6.241 3345.384 0.1 0.1 2.2E-5 10 0.4 0.9 3323 68 3336 822 3371 54 128.394999227797
6.293 3347.557 0.1 0.1 2.2E-5 10 0.45 0.9 3323 61 3336 816 3371 55 128.222738723572
6.237 3346.552 0.1 0.1 2.2E-5 10 0.5 0.9 3323 80 3336 795 3371 67 128.428361158256
6.452 3346.155 0.1 0.1 2.2E-5 10 0.55 0.9 3323 61 3336 810 3371 75 128.266360605429
6.202 3345.251 0.1 0.1 2.2E-5 10 0.6 0.9 3323 88 3336 802 3371 54 128.926484124717
6.099 3346.603 0.1 0.1 2.2E-5 10 0.65 0.9 3323 67 3336 792 3371 82 129.001188164559
6.213 3346.534 0.1 0.1 2.2E-5 10 0.7 0.9 3323 62 3336 809 3371 75 129.015140315256
6.337 3348.508 0.1 0.1 2.2E-5 10 0.75 0.9 3323 74 3336 795 3371 66 128.742690428092
6.417 3345.772 0.1 0.1 2.2E-5 10 0.8 0.9 3323 80 3336 801 3371 63 128.941899047242
6.505 3345.542 0.1 0.1 2.2E-5 10 0.85 0.9 3323 83 3336 807 3371 53 129.152316692283
6.483 3343.47 0.1 0.1 2.2E-5 10 0.9 0.9 3323 82 3336 803 3371 76 129.334501140944
6.617 3340.78 0.1 0.1 2.2E-5 10 0.95 0.9 3323 123 3336 787 3371 60 130.223237678267

AntDir = Unidirectional
6.284 3345.196 0.1 0.1 2.2E-5 10 0 0.9 3323 67 3336 839 3371 36 128.751929261958
5.989 3346.084 0.1 0.1 2.2E-5 10 0.05 0.9 3323 55 3336 843 3371 41 128.465936497534
6.27 3348.848 0.1 0.1 2.2E-5 10 0.1 0.9 3323 64 3336 803 3371 67 128.593807377264
6.119 3345.899 0.1 0.1 2.2E-5 10 0.15 0.9 3323 67 3336 812 3371 65 128.687522065958
6.267 3349.008 0.1 0.1 2.2E-5 10 0.2 0.9 3323 68 3336 793 3371 63 128.235672597515
6.398 3348.35 0.1 0.1 2.2E-5 10 0.25 0.9 3323 72 3336 777 3371 82 128.725207962741
6.288 3348.216 0.1 0.1 2.2E-5 10 0.3 0.9 3323 71 3336 767 3371 93 128.382228420316
6.467 3349.544 0.1 0.1 2.2E-5 10 0.35 0.9 3323 69 3336 776 3371 74 128.463165186056
6.533 3349.538 0.1 0.1 2.2E-5 10 0.4 0.9 3323 66 3336 789 3371 70 128.60703233991
6.598 3346.089 0.1 0.1 2.2E-5 10 0.45 0.9 3323 77 3336 794 3371 70 128.452806590366
6.606 3346.356 0.1 0.1 2.2E-5 10 0.5 0.9 3323 91 3336 778 3371 75 129.126082815211
6.432 3345.966 0.1 0.1 2.2E-5 10 0.55 0.9 3323 97 3336 766 3371 84 129.021264485324
6.818 3343.71 0.1 0.1 2.2E-5 10 0.6 0.9 3323 107 3336 769 3371 83 130.148198243736
6.703 3344.249 0.1 0.1 2.2E-5 10 0.65 0.9 3323 98 3336 788 3371 71 130.441219885306
7.179 3345.687 0.1 0.1 2.2E-5 10 0.7 0.9 3323 118 3336 733 3371 96 130.931924572669
7.124 3345.258 0.1 0.1 2.2E-5 10 0.75 0.9 3323 135 3336 733 3371 78 131.156352635501
7.449 3343.757 0.1 0.1 2.2E-5 10 0.8 0.9 3323 145 3336 708 3371 105 131.629092843129
7.654 3340.827 0.1 0.1 2.2E-5 10 0.85 0.9 3323 144 3336 731 3371 101 132.328440325551
8.872 3342.578 0.1 0.1 2.2E-5 10 0.9 0.9 3323 226 3336 625 3371 104 134.758539587891
12.758 3334.735 0.1 0.1 2.2E-5 10 0.95 0.9 3323 435 3336 487 3371 61 139.821960312071


AntType = 1 on Sqrt X
AntDir = Bidirectional
6.284 3345.196 0.1 0.1 2.2E-5 10 0 0.9 3323 67 3336 839 3371 36 128.751929261958
6.186 3348.784 0.1 0.1 2.2E-5 10 0.05 0.9 3323 58 3336 813 3371 55 128.592281696341
6.089 3346.338 0.1 0.1 2.2E-5 10 0.1 0.9 3323 62 3336 823 3371 59 128.48220515452
6.339 3347.551 0.1 0.1 2.2E-5 10 0.15 0.9 3323 62 3336 800 3371 73 128.561749587763
6.136 3347.101 0.1 0.1 2.2E-5 10 0.2 0.9 3323 65 3336 810 3371 61 128.226308818022
6.248 3347.513 0.1 0.1 2.2E-5 10 0.25 0.9 3323 74 3336 795 3371 63 128.485626726685
6.074 3344.157 0.1 0.1 2.2E-5 10 0.3 0.9 3323 67 3336 814 3371 75 128.490707462544
6.122 3346.857 0.1 0.1 2.2E-5 10 0.35 0.9 3323 69 3336 798 3371 70 128.346384483475
6.188 3345.305 0.1 0.1 2.2E-5 10 0.4 0.9 3323 78 3336 810 3371 58 128.43845102843
6.407 3345.891 0.1 0.1 2.2E-5 10 0.45 0.9 3323 64 3336 825 3371 53 128.196847499821
6.29 3347.388 0.1 0.1 2.2E-5 10 0.5 0.9 3323 85 3336 780 3371 68 128.483219393707
6.312 3346.04 0.1 0.1 2.2E-5 10 0.55 0.9 3323 83 3336 795 3371 55 128.426500574198
6.145 3346.322 0.1 0.1 2.2E-5 10 0.6 0.9 3323 82 3336 795 3371 66 128.55751005311
6.073 3345.719 0.1 0.1 2.2E-5 10 0.65 0.9 3323 66 3336 816 3371 66 128.797966045807
6.277 3346.874 0.1 0.1 2.2E-5 10 0.7 0.9 3323 87 3336 808 3371 44 128.945495354399
6.321 3348.076 0.1 0.1 2.2E-5 10 0.75 0.9 3323 74 3336 789 3371 65 128.413021460773
6.518 3344.705 0.1 0.1 2.2E-5 10 0.8 0.9 3323 83 3336 816 3371 55 128.576956233362
6.493 3345.638 0.1 0.1 2.2E-5 10 0.85 0.9 3323 71 3336 806 3371 72 128.545702755264
6.501 3346.97 0.1 0.1 2.2E-5 10 0.9 0.9 3323 77 3336 785 3371 79 128.582774875349
6.402 3346.904 0.1 0.1 2.2E-5 10 0.95 0.9 3323 66 3336 806 3371 65 128.435824004215

AntDir = Unidirectional
6.284 3345.196 0.1 0.1 2.2E-5 10 0 0.9 3323 67 3336 839 3371 36 128.751929261958
6.032 3348.377 0.1 0.1 2.2E-5 10 0.05 0.9 3323 56 3336 818 3371 57 128.53377075032
6.329 3347.785 0.1 0.1 2.2E-5 10 0.1 0.9 3323 68 3336 777 3371 93 128.386163863654
6.382 3347.554 0.1 0.1 2.2E-5 10 0.15 0.9 3323 68 3336 805 3371 61 128.658340771024
6.233 3345.785 0.1 0.1 2.2E-5 10 0.2 0.9 3323 89 3336 793 3371 62 128.166222904007
6.471 3346.603 0.1 0.1 2.2E-5 10 0.25 0.9 3323 83 3336 779 3371 78 128.603537124529
6.4 3344.476 0.1 0.1 2.2E-5 10 0.3 0.9 3323 89 3336 795 3371 63 128.54111928526
6.423 3346.735 0.1 0.1 2.2E-5 10 0.35 0.9 3323 78 3336 791 3371 72 128.454411221399
6.717 3346.596 0.1 0.1 2.2E-5 10 0.4 0.9 3323 94 3336 775 3371 73 128.80677691949
6.586 3344.697 0.1 0.1 2.2E-5 10 0.45 0.9 3323 87 3336 791 3371 75 128.333098670784
6.886 3346.096 0.1 0.1 2.2E-5 10 0.5 0.9 3323 106 3336 753 3371 87 128.944693808627
6.904 3346.101 0.1 0.1 2.2E-5 10 0.55 0.9 3323 104 3336 754 3371 84 128.929459157477
6.769 3344.573 0.1 0.1 2.2E-5 10 0.6 0.9 3323 103 3336 768 3371 85 129.301382232835
7.211 3344.388 0.1 0.1 2.2E-5 10 0.65 0.9 3323 108 3336 773 3371 68 129.570427005631
6.923 3343.96 0.1 0.1 2.2E-5 10 0.7 0.9 3323 107 3336 758 3371 93 129.453368463256
7.032 3346.089 0.1 0.1 2.2E-5 10 0.75 0.9 3323 103 3336 759 3371 77 128.995544579548
7.304 3346.001 0.1 0.1 2.2E-5 10 0.8 0.9 3323 97 3336 753 3371 92 129.190775716607
7.253 3345.969 0.1 0.1 2.2E-5 10 0.85 0.9 3323 110 3336 750 3371 81 129.594179959641
7.23 3346.547 0.1 0.1 2.2E-5 10 0.9 0.9 3323 102 3336 750 3371 90 129.529865772075
7.199 3345.878 0.1 0.1 2.2E-5 10 0.95 0.9 3323 100 3336 756 3371 95 129.377075759606


