BatchFile test, number of cities :=14
AS Algorithm - LSType Exponential Times = 5
Format:
avgGen avgdist DP AP IP NA AF Path1D Path1C Path2D Path2C Path3D Path3C ANTMEET
AntType = None
AntDir = Bidirectional
56.572 3336.653 0.1 0.5 0.1 10 0 3323 312 3336 540 3346 18 116.067988372135
56.516 3337.234 0.1 0.5 0.1 10 0.05 3323 292 3336 545 3346 26 116.087252421753
57.586 3336.694 0.1 0.5 0.1 10 0.1 3323 303 3336 549 3346 20 116.070654494052
57.289 3335.578 0.1 0.5 0.1 10 0.15 3323 333 3336 541 3346 24 115.60573804925
56.963 3337.214 0.1 0.5 0.1 10 0.2 3323 306 3336 531 3346 30 115.850418244177
57.384 3336.663 0.1 0.5 0.1 10 0.25 3323 307 3336 551 3346 13 115.991750643273
57.677 3336.544 0.1 0.5 0.1 10 0.3 3323 333 3336 509 3346 23 115.746905051419
57.693 3335.978 0.1 0.5 0.1 10 0.35 3323 313 3336 551 3346 23 115.988572704817
56.809 3336.438 0.1 0.5 0.1 10 0.4 3323 320 3336 536 3346 25 116.061700554965
57.457 3337.41 0.1 0.5 0.1 10 0.45 3323 300 3336 528 3346 35 115.909363528623
57.424 3336.524 0.1 0.5 0.1 10 0.5 3323 313 3336 545 3346 23 115.929617423471
56.758 3336.418 0.1 0.5 0.1 10 0.55 3323 322 3336 524 3346 33 116.105587674227
57 3336.787 0.1 0.5 0.1 10 0.6 3323 303 3336 537 3346 31 115.905082665468
56.906 3336.832 0.1 0.5 0.1 10 0.65 3323 320 3336 533 3346 15 115.794821170152
56.764 3336.718 0.1 0.5 0.1 10 0.7 3323 332 3336 506 3346 31 115.963797966946
57.932 3336.155 0.1 0.5 0.1 10 0.75 3323 334 3336 526 3346 25 115.962907112196
56.978 3336.295 0.1 0.5 0.1 10 0.8 3323 325 3336 534 3346 29 115.687666017565
57.71 3335.852 0.1 0.5 0.1 10 0.85 3323 342 3336 524 3346 25 115.868798594929
57.283 3336.219 0.1 0.5 0.1 10 0.9 3323 327 3336 538 3346 22 115.941590490253
56.928 3336.34 0.1 0.5 0.1 10 0.95 3323 334 3336 522 3346 23 115.857661445888

AntDir = Unidirectional
57.298 3336.115 0.1 0.5 0.1 10 0 3323 329 3336 527 3346 30 116.086222956572
57.561 3336.227 0.1 0.5 0.1 10 0.05 3323 312 3336 539 3346 29 115.956678929281
56.356 3336.779 0.1 0.5 0.1 10 0.1 3323 307 3336 542 3346 24 115.974476907461
57.133 3335.877 0.1 0.5 0.1 10 0.15 3323 310 3336 559 3346 22 115.92979958181
57.289 3336.12 0.1 0.5 0.1 10 0.2 3323 334 3336 529 3346 18 116.036653797606
56.427 3337.525 0.1 0.5 0.1 10 0.25 3323 295 3336 532 3346 32 116.260451611561
57.767 3336.712 0.1 0.5 0.1 10 0.3 3323 329 3336 519 3346 24 116.022024992444
57.131 3336.423 0.1 0.5 0.1 10 0.35 3323 321 3336 533 3346 21 115.861251473171
57.064 3335.71 0.1 0.5 0.1 10 0.4 3323 342 3336 517 3346 32 116.023535374142
56.933 3335.947 0.1 0.5 0.1 10 0.45 3323 306 3336 562 3346 27 115.992534411671
57.097 3337.203 0.1 0.5 0.1 10 0.5 3323 294 3336 546 3346 32 115.889442856257
56.328 3336.208 0.1 0.5 0.1 10 0.55 3323 318 3336 545 3346 27 115.752589425289
57.074 3336.31 0.1 0.5 0.1 10 0.6 3323 327 3336 533 3346 25 115.602486803167
57.141 3336.812 0.1 0.5 0.1 10 0.65 3323 300 3336 545 3346 33 115.861599677243
57.46 3336.043 0.1 0.5 0.1 10 0.7 3323 314 3336 545 3346 29 115.848271475883
56.91 3337.509 0.1 0.5 0.1 10 0.75 3323 311 3336 508 3346 36 115.841451299804
56.411 3336.293 0.1 0.5 0.1 10 0.8 3323 309 3336 553 3346 22 115.911795655441
56.974 3337.267 0.1 0.5 0.1 10 0.85 3323 297 3336 545 3346 22 115.899294557781
56.428 3336.797 0.1 0.5 0.1 10 0.9 3323 294 3336 553 3346 27 116.016201921233
57.763 3336.289 0.1 0.5 0.1 10 0.95 3323 330 3336 521 3346 25 116.124405212016


AntType = Boolean
AntDir = Bidirectional
57.997 3336.091 0.1 0.5 0.1 10 0 3323 319 3336 551 3346 25 116.124222146831
57.742 3336.341 0.1 0.5 0.1 10 0.05 3323 300 3336 568 3346 21 116.291034722258
57.569 3336.226 0.1 0.5 0.1 10 0.1 3323 305 3336 555 3346 31 115.71861116576
57.297 3335.99 0.1 0.5 0.1 10 0.15 3323 316 3336 550 3346 25 115.771572696506
57.917 3336.283 0.1 0.5 0.1 10 0.2 3323 314 3336 545 3346 19 115.646892524076
57.808 3336.435 0.1 0.5 0.1 10 0.25 3323 325 3336 534 3346 22 115.366454544912
57.949 3335.757 0.1 0.5 0.1 10 0.3 3323 342 3336 521 3346 22 115.46665504462
57.424 3336.699 0.1 0.5 0.1 10 0.35 3323 325 3336 524 3346 25 115.148051140995
57.807 3336.94 0.1 0.5 0.1 10 0.4 3323 320 3336 518 3346 29 115.358467270309
57.601 3336.324 0.1 0.5 0.1 10 0.45 3323 325 3336 527 3346 33 114.945352428564
58.718 3336.415 0.1 0.5 0.1 10 0.5 3323 325 3336 525 3346 26 114.993869414189
59.774 3335.881 0.1 0.5 0.1 10 0.55 3323 353 3336 510 3346 24 114.784363194533
59.174 3335.871 0.1 0.5 0.1 10 0.6 3323 339 3336 531 3346 25 114.614914123052
60.194 3336.11 0.1 0.5 0.1 10 0.65 3323 327 3336 526 3346 30 114.439309832289
60.448 3335.512 0.1 0.5 0.1 10 0.7 3323 359 3336 506 3346 19 114.267459069365
61.283 3335.531 0.1 0.5 0.1 10 0.75 3323 371 3336 499 3346 22 113.751516957533
62.464 3334.803 0.1 0.5 0.1 10 0.8 3323 396 3336 480 3346 18 113.31385472225
63.326 3335.714 0.1 0.5 0.1 10 0.85 3323 369 3336 492 3346 24 113.321644750565
64.294 3334.173 0.1 0.5 0.1 10 0.9 3323 413 3336 478 3346 23 112.829077139413
68.733 3335.063 0.1 0.5 0.1 10 0.95 3323 433 3336 428 3346 24 111.852079994225

AntDir = Unidirectional
55.863 3337.389 0.1 0.5 0.1 10 0 3323 305 3336 528 3346 29 115.603493179667
56.741 3336.476 0.1 0.5 0.1 10 0.05 3323 301 3336 555 3346 25 115.646112322973
56.952 3336.134 0.1 0.5 0.1 10 0.1 3323 316 3336 546 3346 29 115.737312115153
57.792 3336.033 0.1 0.5 0.1 10 0.15 3323 315 3336 549 3346 25 115.476012418368
56.509 3336.349 0.1 0.5 0.1 10 0.2 3323 310 3336 544 3346 34 115.27453497955
58.269 3336.567 0.1 0.5 0.1 10 0.25 3323 311 3336 546 3346 22 115.45239523024
58.596 3336.729 0.1 0.5 0.1 10 0.3 3323 319 3336 521 3346 32 115.124423982196
58.916 3337 0.1 0.5 0.1 10 0.35 3323 309 3336 521 3346 33 114.870358959513
59.708 3335.627 0.1 0.5 0.1 10 0.4 3323 345 3336 520 3346 27 114.450279794472
60.146 3336.766 0.1 0.5 0.1 10 0.45 3323 319 3336 529 3346 22 114.221267698722
60.668 3335.953 0.1 0.5 0.1 10 0.5 3323 346 3336 510 3346 23 114.20717025516
61.795 3335.655 0.1 0.5 0.1 10 0.55 3323 352 3336 505 3346 26 113.764679204227
62.978 3335.283 0.1 0.5 0.1 10 0.6 3323 364 3336 505 3346 25 113.470202057164
64.379 3335.357 0.1 0.5 0.1 10 0.65 3323 365 3336 507 3346 21 113.196747677964
65.751 3334.978 0.1 0.5 0.1 10 0.7 3323 395 3336 477 3346 28 112.894618502172
66.418 3334.954 0.1 0.5 0.1 10 0.75 3323 390 3336 480 3346 23 112.376892116467
68.053 3334.764 0.1 0.5 0.1 10 0.8 3323 383 3336 486 3346 33 111.829455935919
70.804 3334.114 0.1 0.5 0.1 10 0.85 3323 429 3336 441 3346 40 111.203394386025
75.546 3334.415 0.1 0.5 0.1 10 0.9 3323 425 3336 449 3346 29 110.569879179737
82.697 3335.266 0.1 0.5 0.1 10 0.95 3323 452 3336 384 3346 56 109.610949255034


AntType = Sqrt
AntDir = Bidirectional
57.031 3336.034 0.1 0.5 0.1 10 0 3323 322 3336 543 3346 24 116.014735301232
57.989 3335.988 0.1 0.5 0.1 10 0.05 3323 330 3336 532 3346 28 115.921476367868
56.503 3336.794 0.1 0.5 0.1 10 0.1 3323 323 3336 521 3346 23 115.647359683814
57.545 3335.111 0.1 0.5 0.1 10 0.15 3323 342 3336 540 3346 24 115.806269251486
57.975 3336.177 0.1 0.5 0.1 10 0.2 3323 313 3336 552 3346 24 115.750835445016
57.347 3337.545 0.1 0.5 0.1 10 0.25 3323 306 3336 527 3346 21 115.917993714017
57.751 3336.046 0.1 0.5 0.1 10 0.3 3323 335 3336 524 3346 19 115.874172273326
59.056 3335.63 0.1 0.5 0.1 10 0.35 3323 330 3336 539 3346 33 115.564723790476
58.382 3336.474 0.1 0.5 0.1 10 0.4 3323 330 3336 527 3346 21 115.591394025187
57.583 3335.801 0.1 0.5 0.1 10 0.45 3323 338 3336 530 3346 20 115.628431414067
59.188 3335.753 0.1 0.5 0.1 10 0.5 3323 335 3336 526 3346 28 115.399725070084
57.981 3335.646 0.1 0.5 0.1 10 0.55 3323 343 3336 522 3346 24 115.222365441284
58.054 3336.328 0.1 0.5 0.1 10 0.6 3323 331 3336 520 3346 31 115.337908608168
58.425 3336.29 0.1 0.5 0.1 10 0.65 3323 327 3336 538 3346 18 115.092343798602
58.294 3336.181 0.1 0.5 0.1 10 0.7 3323 330 3336 523 3346 39 115.144517873156
59.274 3335.849 0.1 0.5 0.1 10 0.75 3323 331 3336 545 3346 14 114.908864704974
58.719 3336.347 0.1 0.5 0.1 10 0.8 3323 349 3336 505 3346 20 114.863950465309
59.434 3336.448 0.1 0.5 0.1 10 0.85 3323 345 3336 492 3346 28 114.676206107936
59.69 3336.299 0.1 0.5 0.1 10 0.9 3323 347 3336 507 3346 27 114.580001284916
60.557 3335.85 0.1 0.5 0.1 10 0.95 3323 366 3336 494 3346 23 114.443742647093

AntDir = Unidirectional
56.983 3336.928 0.1 0.5 0.1 10 0 3323 310 3336 531 3346 22 115.813291008218
57.437 3336.042 0.1 0.5 0.1 10 0.05 3323 323 3336 534 3346 24 115.796642487731
57.813 3335.791 0.1 0.5 0.1 10 0.1 3323 328 3336 546 3346 19 115.838077036457
56.891 3337.023 0.1 0.5 0.1 10 0.15 3323 325 3336 516 3346 21 115.769721671977
57.011 3337.228 0.1 0.5 0.1 10 0.2 3323 321 3336 517 3346 21 115.574525517754
58.401 3336.46 0.1 0.5 0.1 10 0.25 3323 317 3336 536 3346 25 115.681017137713
58.768 3336.469 0.1 0.5 0.1 10 0.3 3323 317 3336 540 3346 21 115.416492288076
58.611 3336.559 0.1 0.5 0.1 10 0.35 3323 324 3336 517 3346 35 115.241344557744
59.435 3335.518 0.1 0.5 0.1 10 0.4 3323 344 3336 522 3346 29 115.241692294564
57.766 3336.002 0.1 0.5 0.1 10 0.45 3323 322 3336 556 3346 16 114.975967327098
59.48 3335.873 0.1 0.5 0.1 10 0.5 3323 339 3336 524 3346 23 114.75454176519
59.787 3336.286 0.1 0.5 0.1 10 0.55 3323 330 3336 526 3346 29 114.900949293987
60.296 3336.182 0.1 0.5 0.1 10 0.6 3323 353 3336 495 3346 31 114.749956008091
60.135 3335.7 0.1 0.5 0.1 10 0.65 3323 362 3336 492 3346 27 114.640780860684
61.614 3335.804 0.1 0.5 0.1 10 0.7 3323 354 3336 505 3346 26 114.540885584281
62.205 3335.049 0.1 0.5 0.1 10 0.75 3323 394 3336 480 3346 22 114.197775403618
62.734 3335.49 0.1 0.5 0.1 10 0.8 3323 369 3336 498 3346 21 114.082646318742
63.059 3336.481 0.1 0.5 0.1 10 0.85 3323 352 3336 490 3346 33 113.805966331767
63.316 3335.709 0.1 0.5 0.1 10 0.9 3323 391 3336 450 3346 32 113.671196916795
66.435 3335.317 0.1 0.5 0.1 10 0.95 3323 392 3336 464 3346 31 113.716671485351


AntType = 1 on Sqrt X
AntDir = Bidirectional
57.465 3336.178 0.1 0.5 0.1 10 0 3323 325 3336 533 3346 27 115.933747617117
56.33 3336.777 0.1 0.5 0.1 10 0.05 3323 318 3336 536 3346 14 115.893107505991
57.235 3336.44 0.1 0.5 0.1 10 0.1 3323 311 3336 546 3346 28 115.653501493504
58.53 3336.315 0.1 0.5 0.1 10 0.15 3323 330 3336 521 3346 22 115.577874520401
58.069 3336.242 0.1 0.5 0.1 10 0.2 3323 324 3336 529 3346 32 115.384536186746
57.301 3335.978 0.1 0.5 0.1 10 0.25 3323 317 3336 549 3346 26 115.346853977306
57.291 3336.142 0.1 0.5 0.1 10 0.3 3323 327 3336 535 3346 28 115.193645359851
56.989 3336.751 0.1 0.5 0.1 10 0.35 3323 292 3336 554 3346 29 115.512721495514
58.406 3335.927 0.1 0.5 0.1 10 0.4 3323 311 3336 553 3346 32 115.092164190069
58.885 3336.023 0.1 0.5 0.1 10 0.45 3323 342 3336 519 3346 22 115.242524443538
57.804 3337.07 0.1 0.5 0.1 10 0.5 3323 336 3336 498 3346 22 114.742860554115
57.517 3336.784 0.1 0.5 0.1 10 0.55 3323 306 3336 551 3346 21 114.958553034783
58.796 3336.029 0.1 0.5 0.1 10 0.6 3323 350 3336 513 3346 15 114.967382400818
58.271 3335.983 0.1 0.5 0.1 10 0.65 3323 331 3336 518 3346 33 115.093530445235
58.179 3335.992 0.1 0.5 0.1 10 0.7 3323 329 3336 534 3346 29 114.836737262483
59.079 3336.147 0.1 0.5 0.1 10 0.75 3323 330 3336 530 3346 25 115.090503629763
59.429 3335.525 0.1 0.5 0.1 10 0.8 3323 350 3336 513 3346 28 114.875378392114
59.671 3335.632 0.1 0.5 0.1 10 0.85 3323 347 3336 522 3346 26 114.931780180757
59.595 3335.807 0.1 0.5 0.1 10 0.9 3323 363 3336 483 3346 32 114.789486789306
59.284 3336.067 0.1 0.5 0.1 10 0.95 3323 342 3336 513 3346 27 114.677049043965

AntDir = Unidirectional
57.433 3335.935 0.1 0.5 0.1 10 0 3323 321 3336 542 3346 28 115.787414183663
56.287 3336.996 0.1 0.5 0.1 10 0.05 3323 309 3336 533 3346 25 115.649021673188
56.923 3336.429 0.1 0.5 0.1 10 0.1 3323 334 3336 511 3346 34 115.531181015769
58.112 3335.998 0.1 0.5 0.1 10 0.15 3323 330 3336 534 3346 13 115.617235969621
58.512 3336.807 0.1 0.5 0.1 10 0.2 3323 327 3336 515 3346 29 115.694441211456
57.659 3337.065 0.1 0.5 0.1 10 0.25 3323 304 3336 540 3346 22 115.082742410941
60.099 3335.455 0.1 0.5 0.1 10 0.3 3323 335 3336 540 3346 18 115.157646967809
59.647 3336.13 0.1 0.5 0.1 10 0.35 3323 338 3336 518 3346 24 114.604875542654
59.943 3336.39 0.1 0.5 0.1 10 0.4 3323 333 3336 523 3346 28 114.630920594103
60.356 3336.298 0.1 0.5 0.1 10 0.45 3323 323 3336 532 3346 32 114.639931679292
59.378 3336.512 0.1 0.5 0.1 10 0.5 3323 334 3336 508 3346 33 114.282528704209
61.785 3335.707 0.1 0.5 0.1 10 0.55 3323 355 3336 512 3346 20 114.443126577927
61.736 3335.529 0.1 0.5 0.1 10 0.6 3323 361 3336 493 3346 32 114.279257206981
61.156 3336.173 0.1 0.5 0.1 10 0.65 3323 355 3336 498 3346 20 114.217741524671
60.566 3335.673 0.1 0.5 0.1 10 0.7 3323 339 3336 521 3346 31 113.965091231497
61.568 3335.362 0.1 0.5 0.1 10 0.75 3323 367 3336 496 3346 26 113.736240051544
61.476 3334.864 0.1 0.5 0.1 10 0.8 3323 365 3336 523 3346 16 113.668833243093
61.501 3336.63 0.1 0.5 0.1 10 0.85 3323 346 3336 493 3346 28 113.82754612048
62.016 3335.847 0.1 0.5 0.1 10 0.9 3323 366 3336 494 3346 27 113.74318961012
63.204 3335.161 0.1 0.5 0.1 10 0.95 3323 374 3336 501 3346 25 113.628019080238


