BatchFile test, number of cities :=14
MM Algorithm  - format:
avgGen avgdist DP AP IP NA AF Path1D Path1C Path2D Path2C Path3D Path3C ANTMEET
AntType = Boolean
AntDir = Bidirectional
413.851 3344.912 0.02 1 0.01 10 0 3323 275 3336 231 3346 196 107.913311827512
402.556 3345.88 0.02 1 0.01 10 0.05 3323 236 3336 238 3346 221 107.861388243804
411.937 3345.37 0.02 1 0.01 10 0.1 3323 254 3336 224 3346 217 107.779090102696
406.643 3345.515 0.02 1 0.01 10 0.15 3323 255 3336 230 3346 202 107.706924182138
403.608 3347.218 0.02 1 0.01 10 0.2 3323 237 3336 199 3346 215 107.549016976631
416.685 3346.929 0.02 1 0.01 10 0.25 3323 238 3336 227 3346 202 107.408530314005
408.969 3347.436 0.02 1 0.01 10 0.3 3323 231 3336 213 3346 212 107.295892753827
399.842 3348.104 0.02 1 0.01 10 0.35 3323 217 3336 212 3346 209 107.221187116194
412.653 3347.377 0.02 1 0.01 10 0.4 3323 231 3336 204 3346 224 107.020777349761
411.817 3348.373 0.02 1 0.01 10 0.45 3323 211 3336 219 3346 207 106.877335674777
418.836 3349.221 0.02 1 0.01 10 0.5 3323 205 3336 213 3346 204 106.72316466866
411.067 3350.646 0.02 1 0.01 10 0.55 3323 196 3336 206 3346 189 106.530046701503
439.278 3351.31 0.02 1 0.01 10 0.6 3323 193 3336 181 3346 216 106.320136850505
428.968 3351.348 0.02 1 0.01 10 0.65 3323 212 3336 163 3346 212 106.178804211196
428.686 3352.766 0.02 1 0.01 10 0.7 3323 206 3336 163 3346 181 105.861963289979
426.102 3354 0.02 1 0.01 10 0.75 3323 175 3336 189 3346 185 105.608339073093
421.836 3356.066 0.02 1 0.01 10 0.8 3323 159 3336 170 3346 189 105.222141916263
423.057 3359.972 0.02 1 0.01 10 0.85 3323 151 3336 122 3346 188 104.843119260005
401.587 3365.771 0.02 1 0.01 10 0.9 3323 109 3336 108 3346 173 104.344383689082
441.466 3372.311 0.02 1 0.01 10 0.95 3323 89 3336 94 3346 121 103.522236612397


AntType = Linear
AntDir = Bidirectional
400.961 3346.678 0.02 1 0.01 10 0 3323 239 3336 219 3346 205 107.978457128093
403.392 3345.406 0.02 1 0.01 10 0.05 3323 246 3336 252 3346 203 107.946328585811
395.857 3346.81 0.02 1 0.01 10 0.1 3323 227 3336 223 3346 223 107.888630519317
397.933 3346.356 0.02 1 0.01 10 0.15 3323 261 3336 198 3346 200 107.888775547199
418.155 3345.396 0.02 1 0.01 10 0.2 3323 244 3336 234 3346 225 107.816515464809
410.1 3345.903 0.02 1 0.01 10 0.25 3323 254 3336 222 3346 209 107.750725251395
408.077 3347.986 0.02 1 0.01 10 0.3 3323 216 3336 218 3346 220 107.734614198606
423.125 3346.026 0.02 1 0.01 10 0.35 3323 221 3336 256 3346 217 107.679806913447
392.877 3346.339 0.02 1 0.01 10 0.4 3323 252 3336 207 3346 227 107.619395333178
408.628 3346.255 0.02 1 0.01 10 0.45 3323 252 3336 224 3346 208 107.574746666364
399.48 3346.364 0.02 1 0.01 10 0.5 3323 244 3336 234 3346 191 107.527858019076
411.223 3346.995 0.02 1 0.01 10 0.55 3323 241 3336 196 3346 238 107.485734245055
409.367 3346.326 0.02 1 0.01 10 0.6 3323 234 3336 255 3346 201 107.394069709776
399.717 3348.32 0.02 1 0.01 10 0.65 3323 213 3336 225 3346 199 107.318174648148
416.331 3346.734 0.02 1 0.01 10 0.7 3323 246 3336 227 3346 194 107.292198743626
412.928 3346.178 0.02 1 0.01 10 0.75 3323 249 3336 229 3346 206 107.210587484647
421.28 3346.943 0.02 1 0.01 10 0.8 3323 235 3336 219 3346 223 107.126414152144
405.191 3348.037 0.02 1 0.01 10 0.85 3323 235 3336 190 3346 217 107.08338192518
401.56 3348.484 0.02 1 0.01 10 0.9 3323 216 3336 208 3346 222 106.935428381123
410.818 3347.899 0.02 1 0.01 10 0.95 3323 238 3336 205 3346 209 106.79426843356


AntType = Square
AntDir = Bidirectional
395.603 3345.38 0.02 1 0.01 10 0 3323 261 3336 240 3346 202 107.975948049045
420.577 3346.473 0.02 1 0.01 10 0.05 3323 233 3336 233 3346 215 107.970265139805
389.018 3346.65 0.02 1 0.01 10 0.1 3323 226 3336 252 3346 215 107.916581719499
395.47 3345.124 0.02 1 0.01 10 0.15 3323 263 3336 234 3346 203 107.911888608477
410.167 3346.297 0.02 1 0.01 10 0.2 3323 224 3336 257 3346 215 107.85735441149
401.069 3345.241 0.02 1 0.01 10 0.25 3323 251 3336 232 3346 227 107.818019285116
417.166 3344.942 0.02 1 0.01 10 0.3 3323 270 3336 232 3346 208 107.798975426525
395.889 3345.979 0.02 1 0.01 10 0.35 3323 257 3336 214 3346 213 107.811696473178
401.363 3346.061 0.02 1 0.01 10 0.4 3323 254 3336 226 3346 203 107.769036639137
412.937 3345.914 0.02 1 0.01 10 0.45 3323 259 3336 227 3346 194 107.75744222503
399.499 3346.183 0.02 1 0.01 10 0.5 3323 242 3336 228 3346 209 107.74356986511
415.3 3346.228 0.02 1 0.01 10 0.55 3323 250 3336 225 3346 211 107.683192334273
397.893 3345.945 0.02 1 0.01 10 0.6 3323 245 3336 213 3346 239 107.634005833422
400.026 3346.974 0.02 1 0.01 10 0.65 3323 229 3336 230 3346 210 107.620231751423
415.734 3347.108 0.02 1 0.01 10 0.7 3323 236 3336 205 3346 220 107.554039869839
395.241 3347.847 0.02 1 0.01 10 0.75 3323 216 3336 231 3346 211 107.562649088652
400.534 3346.834 0.02 1 0.01 10 0.8 3323 254 3336 211 3346 207 107.574447186408
406.963 3347.838 0.02 1 0.01 10 0.85 3323 225 3336 207 3346 205 107.48885918568
418.601 3347.399 0.02 1 0.01 10 0.9 3323 233 3336 220 3346 212 107.418841654783
417.299 3346.996 0.02 1 0.01 10 0.95 3323 219 3336 224 3346 225 107.298870257347


AntType = Sqrt
AntDir = Bidirectional
403.592 3345.889 0.02 1 0.01 10 0 3323 241 3336 219 3346 236 107.955765966959
397.429 3345.036 0.02 1 0.01 10 0.05 3323 259 3336 214 3346 236 107.920627920112
408.337 3345.368 0.02 1 0.01 10 0.1 3323 261 3336 238 3346 197 107.825921798883
393.472 3347.348 0.02 1 0.01 10 0.15 3323 226 3336 214 3346 222 107.807472686676
418.049 3346.909 0.02 1 0.01 10 0.2 3323 225 3336 232 3346 211 107.73323066819
394.388 3345.487 0.02 1 0.01 10 0.25 3323 250 3336 247 3346 210 107.655893865002
409.918 3346.25 0.02 1 0.01 10 0.3 3323 241 3336 212 3346 225 107.569592261341
417.754 3347.493 0.02 1 0.01 10 0.35 3323 232 3336 211 3346 213 107.511388443815
407.796 3346.275 0.02 1 0.01 10 0.4 3323 253 3336 218 3346 217 107.423652250877
398.604 3347.054 0.02 1 0.01 10 0.45 3323 233 3336 222 3346 216 107.319948618995
405.847 3347.895 0.02 1 0.01 10 0.5 3323 215 3336 232 3346 211 107.302719276047
432.217 3347.671 0.02 1 0.01 10 0.55 3323 232 3336 229 3346 200 107.163530144107
405.458 3347.517 0.02 1 0.01 10 0.6 3323 213 3336 220 3346 237 107.093781382417
417.312 3346.472 0.02 1 0.01 10 0.65 3323 228 3336 233 3346 222 106.971058100499
411.203 3348.027 0.02 1 0.01 10 0.7 3323 215 3336 228 3346 203 106.855455676348
413.674 3348.968 0.02 1 0.01 10 0.75 3323 223 3336 200 3346 198 106.800445597905
409.307 3348.178 0.02 1 0.01 10 0.8 3323 227 3336 216 3346 199 106.644896293799
409.515 3349.604 0.02 1 0.01 10 0.85 3323 189 3336 215 3346 227 106.515216193006
406.211 3350.777 0.02 1 0.01 10 0.9 3323 204 3336 187 3346 218 106.386307236601
430.15 3351.522 0.02 1 0.01 10 0.95 3323 198 3336 177 3346 211 106.088039936718


AntType = Tanh
AntDir = Bidirectional
406.401 3344.773 0.02 1 0.01 10 0 3323 252 3336 239 3346 231 107.968145006841
407.978 3345.23 0.02 1 0.01 10 0.05 3323 249 3336 251 3346 210 107.857157520071
393.157 3345.666 0.02 1 0.01 10 0.1 3323 263 3336 218 3346 210 107.795760046669
397.221 3346.146 0.02 1 0.01 10 0.15 3323 243 3336 220 3346 221 107.691710817726
404.077 3345.615 0.02 1 0.01 10 0.2 3323 253 3336 255 3346 188 107.739656943497
401.975 3348.025 0.02 1 0.01 10 0.25 3323 224 3336 196 3346 240 107.65147209189
420.559 3345.923 0.02 1 0.01 10 0.3 3323 234 3336 243 3346 219 107.511406901628
397.711 3346.59 0.02 1 0.01 10 0.35 3323 230 3336 254 3346 203 107.472606991231
391.501 3347.401 0.02 1 0.01 10 0.4 3323 244 3336 218 3346 188 107.40681300585
408.267 3346.808 0.02 1 0.01 10 0.45 3323 236 3336 208 3346 228 107.298866036836
399.423 3348.061 0.02 1 0.01 10 0.5 3323 231 3336 212 3346 203 107.142078146799
399.208 3348.422 0.02 1 0.01 10 0.55 3323 220 3336 202 3346 212 107.110725578814
408.647 3347.971 0.02 1 0.01 10 0.6 3323 232 3336 211 3346 210 106.968458333912
402.898 3347.721 0.02 1 0.01 10 0.65 3323 234 3336 198 3346 217 106.858690810914
407.815 3348.982 0.02 1 0.01 10 0.7 3323 231 3336 189 3346 209 106.757162933664
416.246 3349.049 0.02 1 0.01 10 0.75 3323 235 3336 200 3346 200 106.554814086599
407.436 3350.026 0.02 1 0.01 10 0.8 3323 207 3336 196 3346 200 106.433649145251
398.359 3351.362 0.02 1 0.01 10 0.85 3323 196 3336 201 3346 183 106.235243527448
430.25 3350.949 0.02 1 0.01 10 0.9 3323 206 3336 191 3346 204 106.003176917822
416.089 3352.107 0.02 1 0.01 10 0.95 3323 205 3336 180 3346 212 105.783006900323


AntType = 1 on Sqrt X
AntDir = Bidirectional
396.597 3345.881 0.02 1 0.01 10 0 3323 245 3336 257 3346 188 107.947733491022
390.303 3346.144 0.02 1 0.01 10 0.05 3323 231 3336 239 3346 223 107.832129087762
402.34 3346.503 0.02 1 0.01 10 0.1 3323 234 3336 235 3346 208 107.701547867209
420.47 3346.612 0.02 1 0.01 10 0.15 3323 234 3336 221 3346 222 107.58290518092
410.793 3346.997 0.02 1 0.01 10 0.2 3323 223 3336 239 3346 210 107.463427479122
412.216 3347.285 0.02 1 0.01 10 0.25 3323 229 3336 212 3346 232 107.40473632375
424.425 3346.176 0.02 1 0.01 10 0.3 3323 257 3336 208 3346 226 107.24889543683
423.493 3347.417 0.02 1 0.01 10 0.35 3323 234 3336 220 3346 201 107.194489697701
415.166 3348.382 0.02 1 0.01 10 0.4 3323 211 3336 216 3346 209 107.118780787987
407.542 3347.339 0.02 1 0.01 10 0.45 3323 239 3336 214 3346 214 107.020969453449
407.705 3347.103 0.02 1 0.01 10 0.5 3323 231 3336 224 3346 210 106.956873679012
416.923 3347.789 0.02 1 0.01 10 0.55 3323 231 3336 215 3346 200 106.862244407224
408.596 3350.171 0.02 1 0.01 10 0.6 3323 203 3336 197 3346 214 106.840578764692
407.964 3348.864 0.02 1 0.01 10 0.65 3323 223 3336 216 3346 203 106.713777578544
400.64 3348.989 0.02 1 0.01 10 0.7 3323 209 3336 220 3346 197 106.673503140652
407.408 3349.451 0.02 1 0.01 10 0.75 3323 218 3336 195 3346 209 106.597246847118
423.905 3348.298 0.02 1 0.01 10 0.8 3323 231 3336 206 3346 222 106.538336871143
414.742 3350.305 0.02 1 0.01 10 0.85 3323 191 3336 198 3346 223 106.511835986281
417.778 3349.455 0.02 1 0.01 10 0.9 3323 224 3336 186 3346 211 106.465672962965
411.577 3349.76 0.02 1 0.01 10 0.95 3323 195 3336 203 3346 231 106.35455492104


AntType = 1 on X
AntDir = Bidirectional
405.939 3345.249 0.02 1 0.01 10 0 3323 259 3336 229 3346 222 107.95484997341
410.501 3344.824 0.02 1 0.01 10 0.05 3323 255 3336 240 3346 217 107.727201913637
414.875 3346.666 0.02 1 0.01 10 0.1 3323 229 3336 234 3346 208 107.573997377727
386.233 3347.636 0.02 1 0.01 10 0.15 3323 220 3336 211 3346 224 107.400569973483
390.746 3348.123 0.02 1 0.01 10 0.2 3323 227 3336 210 3346 211 107.251895648998
419.376 3346.659 0.02 1 0.01 10 0.25 3323 232 3336 208 3346 243 107.113767281296
404.303 3347.012 0.02 1 0.01 10 0.3 3323 231 3336 224 3346 223 106.936547893105
387.813 3349.698 0.02 1 0.01 10 0.35 3323 201 3336 198 3346 224 106.846267015658
418.859 3348.525 0.02 1 0.01 10 0.4 3323 227 3336 196 3346 224 106.773645141873
421.274 3349.214 0.02 1 0.01 10 0.45 3323 194 3336 204 3346 226 106.666986800229
417.06 3348.833 0.02 1 0.01 10 0.5 3323 200 3336 217 3346 228 106.617063481712
415.906 3349.197 0.02 1 0.01 10 0.55 3323 211 3336 211 3346 199 106.482382031176
417.172 3349.797 0.02 1 0.01 10 0.6 3323 208 3336 204 3346 218 106.400746672386
413.012 3350.737 0.02 1 0.01 10 0.65 3323 179 3336 216 3346 199 106.285087609949
409.328 3351.696 0.02 1 0.01 10 0.7 3323 201 3336 187 3346 193 106.256440965113
394.725 3350.311 0.02 1 0.01 10 0.75 3323 190 3336 197 3346 222 106.183277440374
412.146 3351.497 0.02 1 0.01 10 0.8 3323 212 3336 173 3346 202 106.118651530057
415.264 3351.947 0.02 1 0.01 10 0.85 3323 191 3336 177 3346 208 106.077349005457
417.143 3350.895 0.02 1 0.01 10 0.9 3323 220 3336 174 3346 202 105.975959547759
415.948 3351.249 0.02 1 0.01 10 0.95 3323 203 3336 174 3346 212 105.9315119161


