BatchFile test, number of cities :=14
MM Algorithm  - format:
avgGen avgdist DP AP IP NA AF Path1D Path1C Path2D Path2C Path3D Path3C ANTMEET
AntType = Boolean
AntDir = Unidirectional
413.851 3344.912 0.02 1 0.01 10 0 3323 275 3336 231 3346 196 107.913311827512
395.287 3346.99 0.02 1 0.01 10 0.05 3323 213 3336 242 3346 213 107.884840703414
422.786 3344.232 0.02 1 0.01 10 0.1 3323 262 3336 264 3346 203 107.712315830727
391.716 3346.574 0.02 1 0.01 10 0.15 3323 259 3336 202 3346 204 107.613130604572
408.143 3347.495 0.02 1 0.01 10 0.2 3323 240 3336 209 3346 206 107.470248426187
402.374 3348.363 0.02 1 0.01 10 0.25 3323 211 3336 222 3346 204 107.326591111432
392.798 3348.632 0.02 1 0.01 10 0.3 3323 230 3336 196 3346 216 107.173003543497
409.164 3348.265 0.02 1 0.01 10 0.35 3323 220 3336 220 3346 213 107.037394946411
411.165 3350.175 0.02 1 0.01 10 0.4 3323 208 3336 199 3346 191 106.841613058424
414.557 3351.137 0.02 1 0.01 10 0.45 3323 194 3336 211 3346 190 106.633910967402
433.412 3352.244 0.02 1 0.01 10 0.5 3323 193 3336 179 3346 195 106.45348888161
423.461 3354.06 0.02 1 0.01 10 0.55 3323 175 3336 173 3346 191 106.20991264109
424.291 3354.415 0.02 1 0.01 10 0.6 3323 174 3336 158 3346 214 106.033317520909
426.424 3356.794 0.02 1 0.01 10 0.65 3323 170 3336 150 3346 181 105.751398338626
414.864 3360.048 0.02 1 0.01 10 0.7 3323 125 3336 146 3346 194 105.554515045549
413.458 3363.565 0.02 1 0.01 10 0.75 3323 118 3336 137 3346 163 105.200490928063
413.537 3367.897 0.02 1 0.01 10 0.8 3323 100 3336 107 3346 154 104.855759799142
433.643 3372.8 0.02 1 0.01 10 0.85 3323 99 3336 87 3346 148 104.448791723236
440.243 3383.975 0.02 1 0.01 10 0.9 3323 65 3336 73 3346 106 103.933816425531
453.631 3405.599 0.02 1 0.01 10 0.95 3323 35 3336 32 3346 68 103.342433769501


AntType = Linear
AntDir = Unidirectional
403.915 3346.61 0.02 1 0.01 10 0 3323 243 3336 215 3346 204 107.981426670552
406.112 3345.39 0.02 1 0.01 10 0.05 3323 260 3336 228 3346 211 107.953162304192
406.283 3345.575 0.02 1 0.01 10 0.1 3323 236 3336 238 3346 218 107.84164587839
406.727 3345.285 0.02 1 0.01 10 0.15 3323 273 3336 211 3346 211 107.863568257627
410.234 3345.921 0.02 1 0.01 10 0.2 3323 245 3336 239 3346 203 107.787501095922
401.416 3347.609 0.02 1 0.01 10 0.25 3323 234 3336 217 3346 200 107.71427697428
414.518 3347.7 0.02 1 0.01 10 0.3 3323 235 3336 212 3346 181 107.699054173603
396.142 3347.971 0.02 1 0.01 10 0.35 3323 218 3336 226 3346 214 107.63055251903
418.928 3346.622 0.02 1 0.01 10 0.4 3323 242 3336 214 3346 215 107.539523381425
416.454 3346.695 0.02 1 0.01 10 0.45 3323 241 3336 230 3346 199 107.543496081581
420.962 3348.126 0.02 1 0.01 10 0.5 3323 219 3336 201 3346 215 107.465226373941
401.956 3347.958 0.02 1 0.01 10 0.55 3323 235 3336 214 3346 197 107.390109922214
414.45 3347.89 0.02 1 0.01 10 0.6 3323 247 3336 193 3346 206 107.349192345569
411.101 3349.013 0.02 1 0.01 10 0.65 3323 207 3336 219 3346 206 107.27272182285
426.494 3349.307 0.02 1 0.01 10 0.7 3323 213 3336 215 3346 196 107.187972401316
413.8 3350.695 0.02 1 0.01 10 0.75 3323 181 3336 212 3346 209 107.116270045214
408.438 3351.159 0.02 1 0.01 10 0.8 3323 201 3336 175 3346 213 107.011799124646
412.223 3352.086 0.02 1 0.01 10 0.85 3323 195 3336 172 3346 196 106.926736588257
408.381 3352.034 0.02 1 0.01 10 0.9 3323 187 3336 180 3346 212 106.766707367539
435.593 3353.525 0.02 1 0.01 10 0.95 3323 163 3336 195 3346 202 106.640383374906


AntType = Square
AntDir = Unidirectional
392.468 3345.526 0.02 1 0.01 10 0 3323 256 3336 243 3346 203 107.975918643589
414.632 3345.877 0.02 1 0.01 10 0.05 3323 247 3336 233 3346 200 107.938045053081
413.133 3345.963 0.02 1 0.01 10 0.1 3323 234 3336 231 3346 235 107.91503856621
397.469 3345.552 0.02 1 0.01 10 0.15 3323 237 3336 249 3346 209 107.955758542843
407.221 3346.972 0.02 1 0.01 10 0.2 3323 220 3336 239 3346 211 107.896230984171
404.877 3346.085 0.02 1 0.01 10 0.25 3323 251 3336 215 3346 224 107.844501933511
402.398 3345.423 0.02 1 0.01 10 0.3 3323 245 3336 240 3346 229 107.799025891282
391.334 3346.496 0.02 1 0.01 10 0.35 3323 246 3336 221 3346 208 107.829086343277
404.992 3346.302 0.02 1 0.01 10 0.4 3323 255 3336 221 3346 187 107.809321870852
412.042 3345.841 0.02 1 0.01 10 0.45 3323 244 3336 241 3346 211 107.766833339177
393.65 3346.845 0.02 1 0.01 10 0.5 3323 238 3336 227 3346 204 107.760438113176
404.731 3347.15 0.02 1 0.01 10 0.55 3323 229 3336 240 3346 197 107.717234850341
398.352 3347.412 0.02 1 0.01 10 0.6 3323 222 3336 209 3346 240 107.689456110816
406.194 3347.714 0.02 1 0.01 10 0.65 3323 224 3336 227 3346 205 107.679451925964
417.969 3348.49 0.02 1 0.01 10 0.7 3323 223 3336 195 3346 221 107.617080286164
395.472 3349.432 0.02 1 0.01 10 0.75 3323 199 3336 221 3346 215 107.569555665763
422.04 3348.59 0.02 1 0.01 10 0.8 3323 216 3336 210 3346 212 107.53771228109
410.21 3350.104 0.02 1 0.01 10 0.85 3323 212 3336 179 3346 211 107.471062583172
415.548 3349.323 0.02 1 0.01 10 0.9 3323 216 3336 187 3346 230 107.368432969035
412.551 3350.522 0.02 1 0.01 10 0.95 3323 178 3336 212 3346 210 107.306123164148


AntType = Sqrt
AntDir = Unidirectional
399.769 3346.236 0.02 1 0.01 10 0 3323 243 3336 210 3346 234 107.9525826897
390.674 3345.196 0.02 1 0.01 10 0.05 3323 261 3336 231 3346 220 107.876791544907
414.388 3345.886 0.02 1 0.01 10 0.1 3323 252 3336 224 3346 215 107.814150482954
420.297 3345.809 0.02 1 0.01 10 0.15 3323 246 3336 238 3346 207 107.764811789665
408.604 3348.228 0.02 1 0.01 10 0.2 3323 223 3336 205 3346 205 107.713101958874
403.042 3346.22 0.02 1 0.01 10 0.25 3323 233 3336 225 3346 236 107.578768655784
425.882 3346.798 0.02 1 0.01 10 0.3 3323 236 3336 214 3346 229 107.496676069596
416.862 3347.521 0.02 1 0.01 10 0.35 3323 241 3336 211 3346 199 107.389740416907
406.078 3349.173 0.02 1 0.01 10 0.4 3323 218 3336 210 3346 205 107.34165357392
414.671 3348.921 0.02 1 0.01 10 0.45 3323 207 3336 223 3346 216 107.224748193332
411.928 3349.823 0.02 1 0.01 10 0.5 3323 205 3336 224 3346 195 107.124449359209
394.499 3350.545 0.02 1 0.01 10 0.55 3323 206 3336 195 3346 211 107.009664815905
430.745 3349.086 0.02 1 0.01 10 0.6 3323 217 3336 212 3346 223 106.927735015363
401.353 3350.226 0.02 1 0.01 10 0.65 3323 193 3336 208 3346 205 106.801571898014
411.391 3351.637 0.02 1 0.01 10 0.7 3323 185 3336 192 3346 213 106.72832844654
421.757 3352.242 0.02 1 0.01 10 0.75 3323 193 3336 181 3346 200 106.545369097488
404.203 3353.582 0.02 1 0.01 10 0.8 3323 183 3336 167 3346 206 106.398878636152
421.387 3353.51 0.02 1 0.01 10 0.85 3323 188 3336 176 3346 188 106.25789738938
425.269 3355.717 0.02 1 0.01 10 0.9 3323 171 3336 149 3346 213 106.042988527419
426.895 3358.994 0.02 1 0.01 10 0.95 3323 143 3336 146 3346 176 105.842087300544


AntType = Tanh
AntDir = Unidirectional
404.538 3345.123 0.02 1 0.01 10 0 3323 245 3336 243 3346 229 107.972259456869
409.665 3345.754 0.02 1 0.01 10 0.05 3323 244 3336 233 3346 211 107.846053940396
401.854 3345.306 0.02 1 0.01 10 0.1 3323 254 3336 214 3346 245 107.781806689147
411.952 3346.079 0.02 1 0.01 10 0.15 3323 242 3336 230 3346 218 107.695118309332
407.341 3347.799 0.02 1 0.01 10 0.2 3323 219 3336 215 3346 231 107.634528250361
415.648 3347.607 0.02 1 0.01 10 0.25 3323 222 3336 207 3346 225 107.502754316337
406.382 3347.741 0.02 1 0.01 10 0.3 3323 220 3336 232 3346 201 107.445015715018
406.263 3347.523 0.02 1 0.01 10 0.35 3323 227 3336 214 3346 222 107.335080659241
419.163 3349.616 0.02 1 0.01 10 0.4 3323 213 3336 197 3346 197 107.219057547579
422.064 3347.996 0.02 1 0.01 10 0.45 3323 224 3336 215 3346 213 107.108508805024
411.339 3351.112 0.02 1 0.01 10 0.5 3323 203 3336 183 3346 203 107.007162666408
406.278 3350.225 0.02 1 0.01 10 0.55 3323 197 3336 194 3346 219 106.842846995341
401.633 3350.204 0.02 1 0.01 10 0.6 3323 212 3336 198 3346 211 106.719555023562
417.115 3350.726 0.02 1 0.01 10 0.65 3323 200 3336 197 3346 205 106.595656337547
427.828 3351.903 0.02 1 0.01 10 0.7 3323 199 3336 183 3346 199 106.367467503512
424.651 3353.182 0.02 1 0.01 10 0.75 3323 187 3336 182 3346 181 106.19224059213
410.197 3355.781 0.02 1 0.01 10 0.8 3323 166 3336 158 3346 179 106.010651241912
410.21 3357.796 0.02 1 0.01 10 0.85 3323 159 3336 144 3346 186 105.752839893467
410.097 3358.08 0.02 1 0.01 10 0.9 3323 154 3336 165 3346 165 105.505987787855
419.593 3361.164 0.02 1 0.01 10 0.95 3323 131 3336 126 3346 185 105.181144220983


AntType = 1 on Sqrt X
AntDir = Unidirectional
399.067 3345.495 0.02 1 0.01 10 0 3323 254 3336 250 3346 199 107.949419775068
407.599 3347.14 0.02 1 0.01 10 0.05 3323 208 3336 248 3346 213 107.77868489446
396.092 3346.247 0.02 1 0.01 10 0.1 3323 222 3336 237 3346 230 107.645075699423
403.564 3347.327 0.02 1 0.01 10 0.15 3323 232 3336 213 3346 219 107.466072740752
412.696 3347.114 0.02 1 0.01 10 0.2 3323 229 3336 220 3346 225 107.336676537699
395.854 3348.917 0.02 1 0.01 10 0.25 3323 208 3336 207 3346 225 107.226172342664
426.338 3347.358 0.02 1 0.01 10 0.3 3323 233 3336 211 3346 238 107.116484692698
418.162 3349.114 0.02 1 0.01 10 0.35 3323 201 3336 194 3346 235 106.984621706177
409.382 3349.697 0.02 1 0.01 10 0.4 3323 189 3336 215 3346 219 106.889579886427
404.793 3349.849 0.02 1 0.01 10 0.45 3323 212 3336 202 3346 192 106.744510732825
415.411 3350.218 0.02 1 0.01 10 0.5 3323 214 3336 192 3346 213 106.627981540977
406.316 3351.284 0.02 1 0.01 10 0.55 3323 177 3336 193 3346 234 106.581699954081
418.562 3351.962 0.02 1 0.01 10 0.6 3323 199 3336 194 3346 193 106.530681406504
420.076 3351.849 0.02 1 0.01 10 0.65 3323 186 3336 190 3346 217 106.384533914005
404.02 3352.435 0.02 1 0.01 10 0.7 3323 181 3336 213 3346 184 106.344549056074
421.526 3352.584 0.02 1 0.01 10 0.75 3323 163 3336 207 3346 206 106.238840565678
425.17 3354.549 0.02 1 0.01 10 0.8 3323 155 3336 172 3346 203 106.139264581299
418.752 3352.987 0.02 1 0.01 10 0.85 3323 162 3336 190 3346 224 106.141723127628
421.267 3354.401 0.02 1 0.01 10 0.9 3323 176 3336 183 3346 181 106.07848718843
420.4 3353.938 0.02 1 0.01 10 0.95 3323 167 3336 177 3346 213 106.016823923225


AntType = 1 on X
AntDir = Unidirectional
415.695 3345.135 0.02 1 0.01 10 0 3323 259 3336 230 3346 227 107.933536498026
404.798 3346.438 0.02 1 0.01 10 0.05 3323 246 3336 226 3346 212 107.652930100073
423.922 3347.301 0.02 1 0.01 10 0.1 3323 227 3336 202 3346 223 107.420635213592
394.6 3348.782 0.02 1 0.01 10 0.15 3323 218 3336 211 3346 205 107.224613881655
415.476 3349.239 0.02 1 0.01 10 0.2 3323 207 3336 205 3346 222 106.997724460134
417.5 3349.803 0.02 1 0.01 10 0.25 3323 199 3336 199 3346 229 106.806989421973
422.638 3349.551 0.02 1 0.01 10 0.3 3323 211 3336 185 3346 234 106.640667373814
409.503 3352.241 0.02 1 0.01 10 0.35 3323 177 3336 194 3346 194 106.478562577552
421.459 3351.545 0.02 1 0.01 10 0.4 3323 185 3336 182 3346 212 106.369619233293
414.55 3352.193 0.02 1 0.01 10 0.45 3323 183 3336 188 3346 201 106.287611746591
421.654 3352.696 0.02 1 0.01 10 0.5 3323 184 3336 178 3346 215 106.127312638669
411.468 3354.022 0.02 1 0.01 10 0.55 3323 177 3336 152 3346 203 106.011842569996
406.917 3355.797 0.02 1 0.01 10 0.6 3323 154 3336 179 3346 188 105.933937206719
414.302 3355.151 0.02 1 0.01 10 0.65 3323 167 3336 158 3346 201 105.84758448766
412.854 3355.493 0.02 1 0.01 10 0.7 3323 148 3336 174 3346 206 105.740072954026
427.328 3356.948 0.02 1 0.01 10 0.75 3323 143 3336 164 3346 200 105.69101780372
427.344 3356.163 0.02 1 0.01 10 0.8 3323 172 3336 154 3346 190 105.585894122053
406.93 3357.629 0.02 1 0.01 10 0.85 3323 168 3336 135 3346 186 105.467840126439
427.149 3357.148 0.02 1 0.01 10 0.9 3323 131 3336 170 3346 179 105.45490467768
414.473 3358.44 0.02 1 0.01 10 0.95 3323 145 3336 157 3346 183 105.364211221475


