BatchFile test, number of cities :=14
ACS Algorithm - LSType Exponential Times = 5
Format:
avgGen avgdist DP AP IP NA AF GP Path1D Path1C Path2D Path2C Path3D Path3C ANTMEET
AntType = Boolean
AntDir = Bidirectional
11.475 3335.97 0.1 0.1 2.2E-5 10 0 0.9 3323 187 3336 797 3448 1 146.870350186014
11.324 3335.811 0.1 0.1 2.2E-5 10 0.05 0.9 3323 177 3336 808 3461 11 146.367443439706
11.911 3335.665 0.1 0.1 2.2E-5 10 0.1 0.9 3323 168 3336 818 3448 3 146.549296431956
11.621 3334.802 0.1 0.1 2.2E-5 10 0.15 0.9 3323 184 3336 808 3461 5 146.582579182987
11.658 3334.846 0.1 0.1 2.2E-5 10 0.2 0.9 3323 170 3336 822 3448 1 146.208115234766
12.075 3335.415 0.1 0.1 2.2E-5 10 0.25 0.9 3323 176 3336 811 3371 1 146.371573295878
11.619 3335.493 0.1 0.1 2.2E-5 10 0.3 0.9 3323 162 3336 826 3448 2 145.818236738158
11.698 3335.84 0.1 0.1 2.2E-5 10 0.35 0.9 3323 192 3336 792 3448 5 146.915722752964
11.579 3335.321 0.1 0.1 2.2E-5 10 0.4 0.9 3323 158 3336 833 3448 3 146.163501778188
11.478 3334.31 0.1 0.1 2.2E-5 10 0.45 0.9 3323 190 3336 804 3448 2 147.250173832166
11.828 3334.607 0.1 0.1 2.2E-5 10 0.5 0.9 3323 196 3336 796 3448 3 147.788681319885
12.065 3333.723 0.1 0.1 2.2E-5 10 0.55 0.9 3323 205 3336 793 3530 2 148.676378068591
12.188 3334.601 0.1 0.1 2.2E-5 10 0.6 0.9 3323 222 3336 769 3448 1 150.4503299387
12.777 3333.113 0.1 0.1 2.2E-5 10 0.65 0.9 3323 237 3336 762 3530 1 150.768282717563
12.691 3333.768 0.1 0.1 2.2E-5 10 0.7 0.9 3323 239 3336 756 3448 1 151.881662015301
13.333 3332.545 0.1 0.1 2.2E-5 10 0.75 0.9 3323 284 3336 714 3448 1 154.280571049968
13.79 3332.191 0.1 0.1 2.2E-5 10 0.8 0.9 3323 293 3336 707 2147483647 1000 156.214172277885
14.582 3332.073 0.1 0.1 2.2E-5 10 0.85 0.9 3323 316 3336 683 3517 1 157.657552118304
15.514 3332.019 0.1 0.1 2.2E-5 10 0.9 0.9 3323 347 3336 649 3448 2 160.015345550846
21.02 3329.599 0.1 0.1 2.2E-5 10 0.95 0.9 3323 501 3336 498 3448 1 161.376937651516

AntDir = Unidirectional
11.475 3335.97 0.1 0.1 2.2E-5 10 0 0.9 3323 187 3336 797 3448 1 146.870350186014
11.535 3336.04 0.1 0.1 2.2E-5 10 0.05 0.9 3323 177 3336 806 3371 1 146.109790914817
11.823 3334.204 0.1 0.1 2.2E-5 10 0.1 0.9 3323 203 3336 791 3448 2 146.553840008236
12.476 3335.808 0.1 0.1 2.2E-5 10 0.15 0.9 3323 155 3336 831 3448 3 144.841990321819
11.5 3335.28 0.1 0.1 2.2E-5 10 0.2 0.9 3323 183 3336 804 3448 7 145.369526934239
12.641 3335.314 0.1 0.1 2.2E-5 10 0.25 0.9 3323 195 3336 791 3448 2 145.721664100808
12.476 3334.413 0.1 0.1 2.2E-5 10 0.3 0.9 3323 196 3336 797 3448 2 146.599727474957
12.737 3334.771 0.1 0.1 2.2E-5 10 0.35 0.9 3323 193 3336 797 3448 2 147.316321369983
13.767 3332.922 0.1 0.1 2.2E-5 10 0.4 0.9 3323 255 3336 743 3448 1 149.666069250194
15.565 3332.003 0.1 0.1 2.2E-5 10 0.45 0.9 3323 338 3336 658 3371 1 153.674526336325
19.345 3330.059 0.1 0.1 2.2E-5 10 0.5 0.9 3323 457 3336 543 2147483647 1000 156.252591649508
21.065 3329.633 0.1 0.1 2.2E-5 10 0.55 0.9 3323 509 3336 489 3461 2 158.114382518288
21.599 3329.426 0.1 0.1 2.2E-5 10 0.6 0.9 3323 517 3336 481 3371 1 157.790636873027
20.547 3329.457 0.1 0.1 2.2E-5 10 0.65 0.9 3323 506 3336 493 3371 1 157.406931014165
21.025 3329.158 0.1 0.1 2.2E-5 10 0.7 0.9 3323 529 3336 470 3371 1 158.383648022405
22.292 3328.785 0.1 0.1 2.2E-5 10 0.75 0.9 3323 555 3336 445 2147483647 1000 161.118112669901
21.803 3329.097 0.1 0.1 2.2E-5 10 0.8 0.9 3323 531 3336 469 2147483647 1000 167.69451352248
23.672 3329.171 0.1 0.1 2.2E-5 10 0.85 0.9 3323 528 3336 471 3371 1 171.504847701855
25.444 3328.664 0.1 0.1 2.2E-5 10 0.9 0.9 3323 567 3336 432 3371 1 173.494746184658
29.088 3328.256 0.1 0.1 2.2E-5 10 0.95 0.9 3323 607 3336 391 3371 1 178.87854979718


AntType = Sqrt
AntDir = Bidirectional
11.475 3335.97 0.1 0.1 2.2E-5 10 0 0.9 3323 187 3336 797 3448 1 146.870350186014
11.652 3335.449 0.1 0.1 2.2E-5 10 0.05 0.9 3323 174 3336 813 3448 2 146.701125071908
11.285 3335.441 0.1 0.1 2.2E-5 10 0.1 0.9 3323 163 3336 825 3448 4 146.376033649686
11.422 3335.346 0.1 0.1 2.2E-5 10 0.15 0.9 3323 171 3336 818 3448 1 146.37825241147
11.572 3335.376 0.1 0.1 2.2E-5 10 0.2 0.9 3323 172 3336 817 3448 2 146.250289539369
11.642 3334.266 0.1 0.1 2.2E-5 10 0.25 0.9 3323 205 3336 788 3448 1 147.113915470808
11.376 3335.695 0.1 0.1 2.2E-5 10 0.3 0.9 3323 171 3336 815 3448 2 146.042561873753
11.788 3335.436 0.1 0.1 2.2E-5 10 0.35 0.9 3323 175 3336 813 3448 3 146.369928588517
11.86 3335.677 0.1 0.1 2.2E-5 10 0.4 0.9 3323 185 3336 799 3448 1 146.360739380619
11.473 3335.323 0.1 0.1 2.2E-5 10 0.45 0.9 3323 189 3336 797 3448 3 146.886935380764
11.59 3334.436 0.1 0.1 2.2E-5 10 0.5 0.9 3323 175 3336 819 3448 3 146.527579126286
11.532 3335.518 0.1 0.1 2.2E-5 10 0.55 0.9 3323 174 3336 813 3448 3 147.347974623366
12.257 3335.241 0.1 0.1 2.2E-5 10 0.6 0.9 3323 192 3336 796 3448 2 147.730140300823
11.552 3334.412 0.1 0.1 2.2E-5 10 0.65 0.9 3323 210 3336 781 3448 4 148.443834680151
11.937 3335.305 0.1 0.1 2.2E-5 10 0.7 0.9 3323 200 3336 786 3448 3 148.137405054764
12.156 3334.676 0.1 0.1 2.2E-5 10 0.75 0.9 3323 198 3336 794 3461 4 148.259806571762
11.762 3334.137 0.1 0.1 2.2E-5 10 0.8 0.9 3323 201 3336 794 3448 1 148.60889513299
12.453 3333.8 0.1 0.1 2.2E-5 10 0.85 0.9 3323 212 3336 784 3448 1 149.433606603498
13.023 3333.81 0.1 0.1 2.2E-5 10 0.9 0.9 3323 254 3336 739 3448 1 150.336621889444
13.475 3332.913 0.1 0.1 2.2E-5 10 0.95 0.9 3323 260 3336 738 3448 1 151.139795301096

AntDir = Unidirectional
11.475 3335.97 0.1 0.1 2.2E-5 10 0 0.9 3323 187 3336 797 3448 1 146.870350186014
11.588 3335.121 0.1 0.1 2.2E-5 10 0.05 0.9 3323 183 3336 807 3448 1 146.924731269585
11.756 3334.953 0.1 0.1 2.2E-5 10 0.1 0.9 3323 180 3336 810 3448 4 146.466558816797
11.99 3335.199 0.1 0.1 2.2E-5 10 0.15 0.9 3323 176 3336 813 3448 1 146.111139893667
11.671 3334.896 0.1 0.1 2.2E-5 10 0.2 0.9 3323 193 3336 796 3448 3 145.934947708315
11.936 3335.528 0.1 0.1 2.2E-5 10 0.25 0.9 3323 174 3336 812 3346 1 145.639104211795
11.919 3334.426 0.1 0.1 2.2E-5 10 0.3 0.9 3323 198 3336 795 3461 5 145.796236708251
12.559 3334.974 0.1 0.1 2.2E-5 10 0.35 0.9 3323 186 3336 803 3448 4 146.006690541818
12.459 3334.079 0.1 0.1 2.2E-5 10 0.4 0.9 3323 227 3336 765 3448 3 146.975175978254
12.775 3333.504 0.1 0.1 2.2E-5 10 0.45 0.9 3323 252 3336 742 3448 3 147.863930355541
13.674 3333.641 0.1 0.1 2.2E-5 10 0.5 0.9 3323 262 3336 729 3448 6 148.08868106494
15.117 3332.724 0.1 0.1 2.2E-5 10 0.55 0.9 3323 321 3336 671 3371 1 150.337583601349
16.552 3331.653 0.1 0.1 2.2E-5 10 0.6 0.9 3323 405 3336 588 3448 2 152.503206581486
19.098 3330.45 0.1 0.1 2.2E-5 10 0.65 0.9 3323 472 3336 523 3448 3 154.039290957178
20.426 3328.923 0.1 0.1 2.2E-5 10 0.7 0.9 3323 554 3336 445 3461 1 156.045234094542
21.512 3329.13 0.1 0.1 2.2E-5 10 0.75 0.9 3323 552 3336 446 3461 1 156.402674683393
21.309 3328.759 0.1 0.1 2.2E-5 10 0.8 0.9 3323 557 3336 443 2147483647 1000 157.544101665615
21.796 3328.512 0.1 0.1 2.2E-5 10 0.85 0.9 3323 576 3336 424 2147483647 1000 158.541620396667
20.64 3328.59 0.1 0.1 2.2E-5 10 0.9 0.9 3323 570 3336 430 2147483647 1000 160.120897524824
21.475 3327.953 0.1 0.1 2.2E-5 10 0.95 0.9 3323 619 3336 381 2147483647 1000 161.627039440639


AntType = 1 on Sqrt X
AntDir = Bidirectional
11.475 3335.97 0.1 0.1 2.2E-5 10 0 0.9 3323 187 3336 797 3448 1 146.870350186014
11.516 3335.453 0.1 0.1 2.2E-5 10 0.05 0.9 3323 179 3336 809 3448 1 146.670132056017
12.141 3335.397 0.1 0.1 2.2E-5 10 0.1 0.9 3323 178 3336 809 3448 4 146.665941654723
11.256 3335.109 0.1 0.1 2.2E-5 10 0.15 0.9 3323 167 3336 824 3448 2 146.276760930997
11.055 3335.761 0.1 0.1 2.2E-5 10 0.2 0.9 3323 151 3336 836 3448 2 146.200506226155
12.081 3335.543 0.1 0.1 2.2E-5 10 0.25 0.9 3323 188 3336 797 3448 2 146.649976634732
11.892 3335.437 0.1 0.1 2.2E-5 10 0.3 0.9 3323 163 3336 826 3448 2 145.764369307223
12.102 3334.952 0.1 0.1 2.2E-5 10 0.35 0.9 3323 199 3336 788 3371 1 146.54351925597
11.738 3334.97 0.1 0.1 2.2E-5 10 0.4 0.9 3323 183 3336 807 3448 5 146.758996478882
11.581 3335.291 0.1 0.1 2.2E-5 10 0.45 0.9 3323 155 3336 836 3448 1 146.519224357993
12.074 3334.82 0.1 0.1 2.2E-5 10 0.5 0.9 3323 172 3336 820 3448 1 146.137153742037
11.615 3334.305 0.1 0.1 2.2E-5 10 0.55 0.9 3323 201 3336 792 3448 2 147.22526938691
12.146 3334.353 0.1 0.1 2.2E-5 10 0.6 0.9 3323 194 3336 800 3461 4 147.624256938886
11.801 3333.939 0.1 0.1 2.2E-5 10 0.65 0.9 3323 194 3336 802 3448 3 147.721875023661
11.467 3334.696 0.1 0.1 2.2E-5 10 0.7 0.9 3323 158 3336 837 3461 3 146.813997534645
12.276 3334.835 0.1 0.1 2.2E-5 10 0.75 0.9 3323 203 3336 786 3448 2 147.687413359405
12.276 3334.011 0.1 0.1 2.2E-5 10 0.8 0.9 3323 214 3336 780 3448 2 148.512532804963
11.786 3334.781 0.1 0.1 2.2E-5 10 0.85 0.9 3323 176 3336 817 3461 4 147.656699697638
12.183 3334.801 0.1 0.1 2.2E-5 10 0.9 0.9 3323 197 3336 794 3448 2 148.315685735459
12.631 3333.891 0.1 0.1 2.2E-5 10 0.95 0.9 3323 205 3336 791 3448 1 148.782525707595

AntDir = Unidirectional
11.475 3335.97 0.1 0.1 2.2E-5 10 0 0.9 3323 187 3336 797 3448 1 146.870350186014
11.77 3335.135 0.1 0.1 2.2E-5 10 0.05 0.9 3323 169 3336 822 3461 6 146.242639597043
11.799 3334.565 0.1 0.1 2.2E-5 10 0.1 0.9 3323 184 3336 810 3461 3 145.673833317503
11.687 3335.506 0.1 0.1 2.2E-5 10 0.15 0.9 3323 162 3336 827 3448 2 144.954280870857
12.202 3335.026 0.1 0.1 2.2E-5 10 0.2 0.9 3323 183 3336 806 3448 3 145.233289259634
12.373 3334.228 0.1 0.1 2.2E-5 10 0.25 0.9 3323 194 3336 800 3461 6 145.702226080481
12.072 3335.103 0.1 0.1 2.2E-5 10 0.3 0.9 3323 195 3336 795 3461 4 145.600760636143
12.685 3334.248 0.1 0.1 2.2E-5 10 0.35 0.9 3323 214 3336 778 3448 2 146.678050283956
12.18 3333.7 0.1 0.1 2.2E-5 10 0.4 0.9 3323 223 3336 772 3448 2 147.206945402312
12.727 3334.019 0.1 0.1 2.2E-5 10 0.45 0.9 3323 221 3336 772 3448 3 148.236775266707
13.327 3332.657 0.1 0.1 2.2E-5 10 0.5 0.9 3323 285 3336 712 3448 1 149.385391537653
15.023 3332.656 0.1 0.1 2.2E-5 10 0.55 0.9 3323 299 3336 697 3448 1 150.781203160807
15.065 3331.939 0.1 0.1 2.2E-5 10 0.6 0.9 3323 321 3336 678 3448 1 151.872676968296
16.72 3331.548 0.1 0.1 2.2E-5 10 0.65 0.9 3323 365 3336 633 3448 1 152.958172448298
17.759 3331.34 0.1 0.1 2.2E-5 10 0.7 0.9 3323 397 3336 598 3371 2 153.747629887563
18.683 3330.293 0.1 0.1 2.2E-5 10 0.75 0.9 3323 439 3336 561 2147483647 1000 154.996074019788
18.743 3330.89 0.1 0.1 2.2E-5 10 0.8 0.9 3323 414 3336 583 3371 1 154.897520966758
19.985 3329.993 0.1 0.1 2.2E-5 10 0.85 0.9 3323 476 3336 523 3517 1 155.700150460216
19.314 3330.007 0.1 0.1 2.2E-5 10 0.9 0.9 3323 461 3336 539 2147483647 1000 156.161634325529
20.451 3329.967 0.1 0.1 2.2E-5 10 0.95 0.9 3323 479 3336 520 3530 1 156.81133771768


